# Created by Octave 3.8.0, Wed Aug 07 14:11:22 2019 PDT <German@GERMANs-iMac.hitronhub.home>
# name: A
# type: matrix
# rows: 3
# columns: 2
 1 2
 3 4
 5 6


